89882390000990438890
89882390000990438825
89882390000990438833
89882390000990438841
89882390000990438858
89882390000990438866
89882390000990438874
89882390000990438882
89882390000990438692
89882390000990439195
89882390000990438700
89882390000990438718
89882390000990438726
89882390000990438734
89882390000990438742
89882390000990438759
89882390000990438767
89882390000990438775
89882390000990438783
89882390000990436365
89882390000990436373
89882390000990436381
89882390000990436399
89882390000990436407
89882390000990436415
89882390000990436423
89882390000990436431
89882390000990436449
89882390000990436456
89882390000990436464
89882390000990436563
89882390000990436571
89882390000990436589
89882390000990436597
89882390000990436605
89882390000990436613
89882390000990436621
89882390000990436639
89882390000990436647
89882390000990436654
89882390000990436662
89882390000990437025
89882390000990436670
89882390000990436688
89882390000990436696
89882390000990436704
89882390000990436720
89882390000990436712
89882390000990436738
89882390000990436845
89882390000990436829
89882390000990436811
89882390000990436779
89882390000990436753
89882390000990436761
89882390000990438932
89882390000990438940
89882390000990436795
89882390000990436787
89882390000990438791
89882390000990438809
89882390000990436746
89882390000990438817
89882390000990436258
89882390000990436290
89882390000990438908
89882390000990436266
89882390000990438684
89882390000990438924
89882390000990436282
89882390000990436837
89882390000990437017
89882390000990439161
89882390000990439179
89882390000990439187
89882390000990439443
89882390000990439146
89882390000990439153
89882390000990438627
89882390000990438619
89882390000990439203
89882390000990439435
89882390000990436803
89882390000990438635
89882390000990438676
89882390000990438668
89882390000990438650
89882390000990438643
89882390000990438916
89882390000990436332
89882390000990436357
89882390000990436324
89882390000990436308
89882390000990436316